Simulation, 52, Num of Nodes, 12
Block Height, Block Hash, Time Stamp, Received Time Stamp, Extra Bits
1, 0x000194babda06f00f2c77e20ca71e9e16c5454ccd260a6e498fbaddc3b5cd6e0, 1701169748463, 1701169749532, 1.4665110786
2, 0x000339ce4775df6a82417bb3eb0863e0529098cac835e703cb293f0e5e84cb54, 1701169750208, 1701169750236, 0.4376664173
3, 0x0001eeb853068045e335d8cd9be3256d4768321d5b06fe2e90458397029d5caa, 1701169751047, 1701169751073, 1.1768566564
4, 0x0002aea35e174bc756672ec4010e6d3da8562a8970afed5eb4af49e8a6d93c76, 1701169754666, 1701169754693, 0.7039189041
5, 0x0002020d8fd006bbd6ea9f6125a28bde94d31f962e06e0ba24242ca5d9a0032e, 1701169754697, 1701169754720, 1.1215518861
6, 0x00025e9d970192de0e6cad95fa7669729599cc0c3d766bf03341ffb67fcc0c07, 1701169755829, 1701169755859, 0.8826863652
7, 0x0001e125c2169664a09e5fdaa3f55c5cb3bfaa8dd403e2495d1245a06bd00236, 1701169755916, 1701169755951, 1.2169897189
8, 0x0002a966d48af90087766d0649bdf700e8effbda19ce19d6c5a55ca3f74e1fdc, 1701169757168, 1701169757193, 0.7149634242
9, 0x00044231db1efc88f0b37326b427a727096eab6bbc8119cbf69898047d957ba2, 1701169758447, 1701169758470, 0.0369549575
10, 0x0003a40d5bd0f84a5cf51dd5d82f8980ff0abfdc7be70070beb5cb124a962fd3, 1701169758681, 1701169758705, 0.2630582015
11, 0x0002bc7e3d1935e1a849d55ce8032a9c4cf4e70020cbd379b808ff204e8f4205, 1701169758871, 1701169758903, 0.6750980493
12, 0x000207d56562f116cbe93a6f06dc32f6b28251fdf0c65d1c19377cc08b11f65d, 1701169760329, 1701169760356, 1.1054191033
13, 0x000160f2070ffd11d7418f1042fd4c0f05b7d25b8c457985922fd0201db6ff72, 1701169762146, 1701169762188, 1.6640238286
14, 0x0001c44b4a72e523707ac8b779c5146c6ab9bb6d38a5f3826c6033c20dbdd13b, 1701169762510, 1701169762571, 1.3062077381
15, 0x0003c8ba9daf0241263cb328f21611d0b84f5465e52a4d3314b6a7a3fa36c54e, 1701169763891, 1701169763924, 0.2073758457
16, 0x0000ed557d61e6fce894cdcd2f6680746e2ef8f2fba0bd62a25f714ee5057633, 1701169764044, 1701169764076, 2.2365504747
17, 0x00005aa16eb96be677b00ce55abe72046fc2f15fc6ede6e7e00829602dfd014e, 1701169764344, 1701169764378, 3.6253988563
18, 0x0002e32b401a8238069a84526bf2e73bbdd09b17e6579a0ad22d16b8ad7f9cfe, 1701169764823, 1701169764862, 0.5975647808
19, 0x00019277bb040825a1b5a688465ec54a2d4a431fb3cb95e172432cf5daf5d9f4, 1701169765262, 1701169765318, 1.4745959348
20, 0x000311d7408f27dd6e24976c32fa060b0faa2093d85c40f38f0739c887757283, 1701169767506, 1701169767539, 0.5092318041
21, 0x00039668ce754062618a0a3233c13d980b29bb4d28c726373419e574eb52f997, 1701169769241, 1701169769296, 0.2843315213
22, 0x0003e3eea448d05f1d762b4ae174503fd32512bf2484ff9e784900299228ee02, 1701169770126, 1701169770160, 0.1674214068
23, 0x000102af16788f12ebf10f75de8b6a8237f4d8acfd2c1005c8ad86b4d92ec069, 1701169770234, 1701169770277, 2.1122784595
24, 0x000014c23d1bc3ae857c28f37ca26e7ec66155a0f730e1ed97cc90005e385263, 1701169770851, 1701169770861, 5.7516778028
25, 0x0000e36800cbe5b1f9d2b7d317cfe327360ee144d75a567a7d5f40f1be413d25, 1701169771436, 1701169771486, 2.2981969473
26, 0x00022a4a355cd38df8f8ece90340542281f6fb52b4718d325192ab5e822fa49d, 1701169772527, 1701169772570, 1.0128282707
27, 0x000336db7e5ad70258b491d36a379db658bfe846b9b5a2d1f21a5eefe5e3926f, 1701169772767, 1701169772798, 0.4428265003
28, 0x000050ab8e54ab522a2774e35302c7856fcb1ed5ae8440b30194e8f24d93a581, 1701169773747, 1701169773789, 3.7933622554
29, 0x0002706a19616a9ff23a98e1ec35a2f1c1fe4a831a2eb3db045ffd3bddbb4cca, 1701169774523, 1701169774552, 0.8409650064
30, 0x0003d159121b442694a464d77aae70716d9072d560f8410dc66ed152d8a915ea, 1701169776787, 1701169776826, 0.1945966818
31, 0x00041b2a8a88444783ae5b6e4a6124bf31990f22b40b358b4bbe33997a1852d8, 1701169779614, 1701169779637, 0.0895500755
32, 0x00033cbc630831384cc50f0ef1bf20425739bc8054db23f0b0900e74914f585f, 1701169780261, 1701169780294, 0.4325565345
33, 0x000185abf069c8778e091ba7a42a4d256f83ea3e5f5d7324d1c0a1f92521bf8d, 1701169780384, 1701169780392, 1.5212100034
34, 0x00037c7370ceceafb1039903d552118edeeed79e8e98b5785c497956488e3146, 1701169780669, 1701169780700, 0.3256960667
35, 0x00020906f1910094de0f94c5143efd3e4fb3f0ede6a534a174cd24dc48e8dc58, 1701169781065, 1701169781101, 1.1021104520
36, 0x000058a909c7a1335f474653fdee4a9da83974cffc7a6e0b901da97eca330489, 1701169781160, 1701169781197, 3.6571086915
37, 0x0002e2c4f7985a586ed5a21ee27cfa97d5bff2aa06b539c26d9358fa37949f7b, 1701169781612, 1701169781654, 0.5983448133
38, 0x00032b68a918cbeede1b6fa0647d840b0d35ce956b2cea7bbc98d758a819e5ec, 1701169786278, 1701169786316, 0.4630399271
39, 0x0003156036411d33bdf538dd5c60f87db4327567c061d487af1531592e543925, 1701169786986, 1701169787024, 0.5027565880
40, 0x0003fc31264270b050e808a8b79c781edb5c690cba25b2d07292b1e1a5c4eb77, 1701169788120, 1701169788157, 0.1327001564
41, 0x0002615a2360fe5f95d3a048c2e8ee8e01d9c8cb1396824227fdd41caa0b37c8, 1701169788716, 1701169788746, 0.8761928274
42, 0x0000c5c759bfadbd4a9bdfa5a8df49c9ea2aa51cdc7b04fbd48489be1f305e59, 1701169788812, 1701169788858, 2.4995817718
43, 0x00018aae0de681d909695bf96c0bc6cb868edeea14e81cf9d3260e00758f90b0, 1701169789665, 1701169789702, 1.5027858829
44, 0x00010c6d2764d66fa5f675c1e4988d91b958220f096d4279ef1de224586c9509, 1701169792230, 1701169792272, 2.0589424558
45, 0x0000b8e371f992f7e8f990115bb4cb086a2fc1aca76e181d62b5687efea1ef19, 1701169793031, 1701169793071, 2.5968137663
46, 0x0002403124913edfa445980aec058811794af3e04e07e358087f271ddac1c619, 1701169795311, 1701169795349, 0.9569193897
47, 0x000128b454ec1f12d5c526c8a036d830f0e6ddafb7f297dc18cae59d9131f62d, 1701169796998, 1701169797043, 1.9144425072
48, 0x0004590e32a8596c5d2e7cd7ff1d727e9539c668b6ed9568c07de73fb3bd91d4, 1701169798511, 1701169798531, 0.0070153551
49, 0x000266eeaafdbabdf267dd994a4518062355e1bacc38af2e8380afbe4b2dd4e1, 1701169798674, 1701169798700, 0.8630413499
50, 0x0002b17b0a41c97837b3d8b43df07cb7f2564206ad89dcfd7d4a3f314552d0e4, 1701169799238, 1701169799463, 0.6979589181
51, 0x00018e46e3b568b3b3e7042d1a188fbe70a081bca45b77d1ce6e9fc1fbabad30, 1701169820068, 1701169820461, 1.4896970802
52, 0x0000b07c96450714d5b1d3d1d02af38454a8aa44a8aed738156c7005e35808e7, 1701169827057, 1701169827206, 2.6639097257
53, 0x0001199b77b79519edb66ac0c01f8fa7466608d5d42bf4d9199b97bfcaa9ac88, 1701169828101, 1701169828213, 1.9897842202
54, 0x00011155fa5b1f1c17b372a919fafb24e2eef85dec8b3051a03bb2459b0fcc34, 1701169832707, 1701169832939, 2.0327942304
55, 0x0000f9fd1e18b01b89741ed569041009e9044f71ecb4959a96306ad717eb3bd1, 1701169833452, 1701169833491, 2.1616058127
56, 0x0004401bcb9734ba70e349d1672ec3019f31056f3d4fd0bda847a81107d5a016, 1701169845545, 1701169845967, 0.0397183141
57, 0x0000df881b52d0533182a801a70a982292cedf9aa43e3713b33670ee79aec4c3, 1701169851450, 1701169851473, 2.3229897027
58, 0x00009cf2fb31bb3df0c9c1ea338c9fa0c5a341bfe71909c5d78bd7a98f0ecd40, 1701169853241, 1701169853476, 2.8331717564
59, 0x00029506953581c1add9d398c5b104e0f8f29a69d877bba0d0011c65bea53069, 1701169866714, 1701169867243, 0.7587625355
60, 0x0002ce91fd41c58c79629f06c6f26a933bef5c869a18502b27a9d4513a959ff6, 1701169868232, 1701169868461, 0.6383396819
61, 0x0000d846794770f9b4b03c144d26b7eaa41e57f980abc88c1730168e5ec42086, 1701169872212, 1701169872459, 2.3706000997
62, 0x000297a2f358f4dc8166980800ca3f260a79e521f545e0f1333c6f4ea0361b95, 1701169872523, 1701169872726, 0.7530756374
63, 0x00008650220f034e443ebe05aab6f2e75e1f8d4f6f8e1382f1a25ec31e21488d, 1701169877623, 1701169877954, 3.0578697701
64, 0x0002e7f21a3ca9fbc1716d4a40ac1d3d12b69c6e7c64cdeeee55cd2cd0bb6113, 1701169879252, 1701169879485, 0.5882715810
65, 0x00018038d22d3ba61d0abc85b1f49d5e48297b1a87c02b74ac8baa360603a109, 1701169897101, 1701169897219, 1.5415289632
66, 0x000371ae5cf099b3e3c26c8802759deff6e34ef1ef948af4276a3a8df6be1a9d, 1701169897620, 1701169897959, 0.3432119867
67, 0x0002c4ce1f5b15e0cd6d36a21e60a0b392b291f978aae1c7d8ec8f25de51f90c, 1701169900490, 1701169900730, 0.6580798113
68, 0x00024c156b58914c443e5db142723fed1d70eb5b06265501cbf62a4dec47fc49, 1701169906757, 1701169906971, 0.9274475018
69, 0x0002c0af50c0120c221523eb1ee6b54f1aadff50f1f11f543dcf1da919164ee4, 1701169908079, 1701169908216, 0.6664907813
70, 0x00019c1fc1a5403fda3129348fef98b85dc3c8ccdff381ee8d3f00666f032949, 1701169909484, 1701169909948, 1.4403902787
71, 0x0001de9d966e0f49b3aecf2a8bd9ba8ce004c6bf4fb9a2847a4a32d4385194dc, 1701169910731, 1701169910961, 1.2246015795
72, 0x0002d9e6c0b60f21682c3d4b9f9a0d23bf348a1de02421b1328659f1a492c1c5, 1701169913605, 1701169913963, 0.6157673852
73, 0x00045ddbecde6cae2d81ab58fd1eea3f5ec3a3e7d4ff53f86f4b80ce2421cc62, 1701169915103, 1701169915213, 0.0008025010
74, 0x0001a09f4fbddaaa3ae210a7e2dd2cf9c679f371ba9700b6209a82d88835f1e0, 1701169929731, 1701169929969, 1.4247288309
75, 0x0002d156a8d5e403dc5e5dbe291bf84d046b1e05c3a14464970c0b0b5554a032, 1701169929971, 1701169930231, 0.6327924757
76, 0x000355108090c73475c97dc62ce13e69436bcc73c7efdfd7084ee0f7f1864996, 1701169931359, 1701169931719, 0.3908141671
77, 0x000046d55600ac99216d60f8c450a16acec0134af9cea5b31c146c5a3370eaf2, 1701169933269, 1701169933475, 3.9809683814
78, 0x0001cfddb0478c76b6e3bb479fd67ff04a00cf70ffe036ba77be29529e196003, 1701169935069, 1701169935460, 1.2697609152
79, 0x0000c5e2316f6ec59feb3167cc34ee125992df9baab1d78bb9f8f926a7d9ffa6, 1701169939826, 1701169939966, 2.4988171207
80, 0x0000eb72677c752594f75f0251be7c04c685b0a1eb7c7d06dc5bfef5547bf61a, 1701169945050, 1701169945474, 2.2480672540
81, 0x000015e49e3f2ae17b035dcf4751316f6cd839a434049867ab01e067eee0b948, 1701169950992, 1701169951233, 5.6749247510
82, 0x000192c3e63b55455b56bdca72fc53dcd3c9fd1999ac22739827e94d1a8e117c, 1701169954546, 1701169954723, 1.4735297800
83, 0x00007084a2b73e157cc9f91e8ae463e79fdee8a0628f28912ccac0b3702917ed, 1701169955342, 1701169955461, 3.3133117330
84, 0x000381e38c31b6dd0951e41f57291a8d3a974573a9c1f69cb2b909ba2fd041fc, 1701169958103, 1701169958214, 0.3169320529
85, 0x000326d9ed6e6af9c7f8b65bd8170299f2d552e1cd76dada235d09b7bb07f2d3, 1701169970107, 1701169970471, 0.4711661531
86, 0x00003f48f2d11baf2b935a52e8b330b40f2a85aa0f904b95f2c7b7a91773dd6b, 1701169972216, 1701169972688, 4.1435344604
87, 0x00003ebc458c3b402d5b6e93108c06aad2b310a366034e704a88f49d1d374f84, 1701169974854, 1701169975463, 4.1561164429
88, 0x000161135fe0269f857ff989bab211ce6eba8a52d775ead3b7d322516d9ffde4, 1701169977486, 1701169978464, 1.6634914719
89, 0x00025347f1146ed077f0cbceb7bcdfd1143226d1fba8e3418f6a56f685735ab7, 1701169984879, 1701169985216, 0.9098980282
90, 0x00004d11e48105aa3e12cd959dc4fd936d78c3fea0d03a4ef1ecc14a05874496, 1701169992472, 1701169992729, 3.8592296379
91, 0x0003b0d3f552c3119aca6c34bb3389bf6301f1541186e8d4f26622dca6779d0b, 1701169995524, 1701169995715, 0.2434172682
92, 0x0003be8d6af02cab1d81c75e087289189ff36d68b00359bfda59da04c3727368, 1701170000782, 1701170000965, 0.2226116103
93, 0x0001efd77d260d04d40011a53f78ee812a751c2fe2d53d37fa1fe603ea74b132, 1701170001488, 1701170001957, 1.1735891683
94, 0x0002fdaf6774fd8f608eac0943024a63220693550b39ad61b9290ce377a0cd75, 1701170007581, 1701170007722, 0.5467176104
95, 0x00026b1b8ed9354e6672c01ca128bea11f4caefc686cddb7e742e2f2397f0a8e, 1701170010947, 1701170010982, 0.8532786475
96, 0x000419ff60457ab9681f927a0e5c37e209d4699f88cafda191f4c5488df94d22, 1701170011364, 1701170011715, 0.0911548560
97, 0x0000d636036aaf52d9dc392ce8d93b10476a4c6fd1d3899747d6acb5b139a23d, 1701170012797, 1701170013231, 2.3844364336
98, 0x0003d087d32b5f4fb7cd2fd9e88bbd5e837e474eb6cb0dcae63af780af387fe2, 1701170017458, 1701170017487, 0.1958037280
99, 0x00041d8e8c61d29837ecfea46036bccb784ae683749f6513ca296e8f329d3060, 1701170019937, 1701170020209, 0.0862726989
100, 0x000058738f117effcb0339d20749def54eb5dee9390777b03ea9e4901053c607, 1701170025839, 1701170025982, 3.6605120176
101, 0x0002d6a855a68c542a56a65356463558ef827abe5f4aee6d1f2259e196024a92, 1701170045273, 1701170045465, 0.6221932870
