Simulation, 65, Num of Nodes, 37
Block Height, Block Hash, Time Stamp, Received Time Stamp, Extra Bits
1, 0x0000fc6a510ecafacb241d16e21b4c35117689654aeccb533c3f6c415af3488d, 1701164495133, 1701164498408, 2.1476695727
2, 0x00015d87fffc79d030ee56bd57bdb9a2b0bdf9b8e1227af80b6d9aa13c5cf161, 1701164499956, 1701164500598, 1.6780474846
3, 0x000169ec5a6bee5cf0cda1eaaf28a36d5cff47a7a1fc2ad3010bc7136590f36f, 1701164501847, 1701164502167, 1.6277851215
4, 0x0001407ee0a8dc8aaf70feccb4bf769557b72a00bd870f069d72844004e6de6d, 1701164504856, 1701164505187, 1.8031643094
5, 0x000187985157b4a81f791444d2c891f3197714b74e85d9acdff774d18c3c7302, 1701164505719, 1701164506350, 1.5141066181
6, 0x0002f2bad69d1627fc359d3b72515e5c9163112fa7e6371f409d1ed4cf522bfb, 1701164506204, 1701164506541, 0.5675086196
7, 0x00023b6e0d886d81b3e176a4c526f55877aba3d570307a4fd029ebc3f8088166, 1701164506819, 1701164507492, 0.9688924180
8, 0x000216778d9811451ab55f12fa77cbd5f5d60bd06522b5f4901309d96925cd34, 1701164507383, 1701164507705, 1.0653680451
9, 0x0000f0d98772673c5637cf0ae9c8e592dbb564c0f9271f60d0937211c87dec82, 1701164507759, 1701164508088, 2.2153356652
10, 0x00015a1a6fffa609356f759acd26451bfdf1abd8eeb260d65dfb2f77415fd826, 1701164508863, 1701164509192, 1.6922663516
11, 0x0001c2a9eb61725eb1ee798fbb13ca1324970b19e1bf13902c62815ad9cd4a01, 1701164509379, 1701164509698, 1.3114175280
12, 0x000015a06d574d2f4100e78ac0cb614179536bdd2d642bf52a239b74ce9cb9eb, 1701164510435, 1701164511078, 5.6925855896
13, 0x00001cb13bbe199ad7887e4bffcb1887f771bf049c9620a099a2f1790fc5acb2, 1701164511521, 1701164511848, 5.2847325069
14, 0x0002864b2f129abaa277ea7140d4598cdd31229ba0ac9adfb6c8d30f38381f2c, 1701164512287, 1701164512616, 0.7912790305
15, 0x000228b5f6ccfdf283ad06c22f8c04eb4f21690c4cfe93c0472cdccf9d559e4a, 1701164512870, 1701164513197, 1.0169441343
16, 0x0002f852d19e9c3314b681450d0fe53ea70d1fcc7a4fbaa68af9039fffe07512, 1701164513066, 1701164513801, 0.5568555266
17, 0x00023d8b7a7bc53a83f3422189e0a13d62ba17aba230233db4c7b91303bda966, 1701164514081, 1701164514712, 0.9635626545
18, 0x0000ffec2411fd0de61bca9fab796c258001870eac54ba05d93bce46aab1e100, 1701164514962, 1701164515298, 2.1277623598
19, 0x00001475a45abcf979e09d63a3c55b0442ab5e8b701a8d8c25d69b7e5431d903, 1701164516236, 1701164516882, 5.7726233796
20, 0x0002456e0c6d11cca3b39ccc3d444536db33c3b2c10f70ee0466de404997d585, 1701164516992, 1701164517365, 0.9438637229
21, 0x0002b2641620aa1b7b35d600c0caa3871f1d9018771546c17b6390e46addb4d5, 1701164517828, 1701164518179, 0.6960553505
22, 0x0002f307c31f4a60323e2331bd8ec4ce3690ef144469a3f7c1ddbd5f5868d142, 1701164518346, 1701164518738, 0.5669343475
23, 0x00037b37ee4d0b917f3536b472acc096bce995d540fca3c00cd82fff2cd0743a, 1701164518789, 1701164519178, 0.3276897818
24, 0x000096123476f72296eca697283ed58012c38b0b8f85f39595163ba679e868a8, 1701164519513, 1701164519949, 2.8978226284
25, 0x0001dd4f0fb2a71b7b2cb128c87e4c495475c81dd559cc8b164c1da952a9205d, 1701164520636, 1701164520648, 1.2285458942
26, 0x00019c56c30c44bc87965d930cc8314ddbb1e9508911f6b21de9bd311562a810, 1701164521043, 1701164521380, 1.4396383107
27, 0x00020cef44c828c48a6744cc6cbbd31549e315418d196122913a990024daba9c, 1701164522478, 1701164522817, 1.0913311180
28, 0x000191551423eec5250767bd7b767c2b08f76f45d3dfe9651be3bec9c0422f33, 1701164523091, 1701164523443, 1.4786715196
29, 0x00001d851d9fabee083a0f5aad2441128754d97d78a9760fce15c5348808abf7, 1701164524255, 1701164524597, 5.2437051210
30, 0x0001ac6734548bfe373e7c776884da9102c6fe440248e8cc3efb12b179348ccf, 1701164524948, 1701164525295, 1.3844998680
31, 0x00006aff4ac329cc995e91f0ad55e6eda206cec44849a29d83fcf9c89ad85439, 1701164525894, 1701164526222, 3.3858954210
32, 0x00030e6d485b2ddcc078ea10e16bac77883cbc36aca532159521702a5bb6cf63, 1701164526241, 1701164526578, 0.5155129857
33, 0x00017781f43a654e5938a4ccbbf95aac7865af678f6b5d4344fab9aae1bc36a5, 1701164526571, 1701164526994, 1.5746266965
34, 0x00008de050b0968440873ca32a17715d3826817ae01de84c50b1dd0b153cb974, 1701164527975, 1701164528358, 2.9788360175
35, 0x00008258fad7e946b5b3279fa3d3d0d5f6bb66a2b6b790a1f843c04291895bdb, 1701164529318, 1701164529658, 3.1011051585
36, 0x0000877dfca8ca8369ceb64da96e17b6ccd111e3fa7e59fb83e0ffc005896710, 1701164529824, 1701164530539, 3.0452598048
37, 0x00014137cb38a4714712bd89c35926d60dd4bb1816485053005e84a2c7af8256, 1701164530534, 1701164531192, 1.7999164395
38, 0x00012ea6fa906c6cfd6fac9bc66ef2620f3940e1b38e56b7c9ccbdb296a8847b, 1701164531312, 1701164531964, 1.8858078020
39, 0x00029f0f35da7a92fe41fedc1b619a32b1635e07b363d8aa219c9db64c3e4ac5, 1701164532042, 1701164532456, 0.7370284219
40, 0x000024e2cc7e21c4816e6928fc560c7d2c87d1448b9ed1890e3e6276be96ff26, 1701164532734, 1701164533094, 4.9223263043
41, 0x0000f65a7c1f6ac619795add3d5ba4b2606d38f5941e4e896b8c99f2a6a0503e, 1701164533703, 1701164534140, 2.1827392164
42, 0x00003563d6afecac2f99cff017d39f6c988ca52e8c87790b59bff8d2ea3f404e, 1701164534308, 1701164534656, 4.3888276213
43, 0x000078136a5ae688f5186164c418b329c06969d186947a1732097b1ac909902b, 1701164534815, 1701164535354, 3.2195230096
44, 0x00005daf37c18799248fc1243273136eda13551769f6e4e05f8341d5a7afb1fe, 1701164535611, 1701164535635, 3.5775875039
45, 0x00009b66f791c261787414b4b654cae146e4591f3d5a86c331a0a97cfa144fae, 1701164536231, 1701164536863, 2.8474618618
46, 0x000077414c7ea31302b1fbece433673a9ed66b417263554cadf82b5880ab1952, 1701164537850, 1701164538211, 3.2294182859
47, 0x00035193e5ea6a4de3002467b346c296dfbc62732686e00c8403f74f33966aab, 1701164538496, 1701164539177, 0.3967229858
48, 0x00026a6060a905468a3525f7a840b76edcce57f7b543ad43e42f6aad8fb86c97, 1701164538967, 1701164539331, 0.8549834945
49, 0x0003d3034e0560fa6aadb280f78b0667b7ef52ae6d2071583f37eadd72145d71, 1701164539387, 1701164539762, 0.1921410466
50, 0x00026761fe44e8417d6ca6a7611b866a58414a0b0bb70ac723c22377d092ab67, 1701164540139, 1701164540487, 0.8619848418
51, 0x00009d3af2c903fddea9e334198e8814a615c8e717e8e38848979946566855b0, 1701164540513, 1701164541168, 2.8305899642
52, 0x0000b6a81950a8c83456dd81c3f64de812235b36b1fb2fc01b36cbb143a87b7a, 1701164541013, 1701164541353, 2.6143347593
53, 0x0001dea619db05e719782ec4175ffdc9516e750627a292f0663e104a5c809b53, 1701164541665, 1701164542025, 1.2245013410
54, 0x000389365872ed0d0f0e33fcca950dcc92a0fe4ac4fe7edd356fd5f4200b0199, 1701164542348, 1701164542823, 0.3052127624
55, 0x0000617184c0766f3b66573e08e9d450a8d32fe6e59e33a7487ad843849d9ef3, 1701164543783, 1701164544135, 3.5208320801
56, 0x0002048ba6154b4e4181276a637408b50b4a4950b9cd1e1e34b67a516cb14605, 1701164544331, 1701164544679, 1.1145734869
57, 0x00036a07130e1d920ec6eb08d2d99914ade1177ccb04a9901ebfddf75f6300ee, 1701164544988, 1701164545388, 0.3557900352
58, 0x0000273ffec1eded5b3829ab1cdc365417ac9f0c3704dff1437a220ec2b88d04, 1701164546586, 1701164546930, 4.8327050677
59, 0x00002c24b04cdd41758de8662bec20c1c38ab9ab55aa11e8a06f4e4468b397a7, 1701164547236, 1701164547897, 4.6632020459
60, 0x000025a870e575bee4fa85a80b0fd56e711fede448d0d4fd9d1ed35583d45b6c, 1701164547857, 1701164548412, 4.8924416911
61, 0x0001374504f77c3801d5596d6f6ba6f674c26b9c054b39de835ce46803f913d5, 1701164548584, 1701164549258, 1.8453042138
62, 0x0000d0bcc4df8ba6ba04220de730e063bb8abf11ea1ed120ed50b894fe2e9dee, 1701164549204, 1701164549582, 2.4217799598
63, 0x00002f42a9326aa6f575f098f3b78d0ea85e8e028a292d2874d11fa5fa388220, 1701164550037, 1701164550054, 4.5647653607
64, 0x0000128bfc2e1797520ae76b7642e3bb4290618765ca32e6c4981e370f9c5192, 1701164550760, 1701164551116, 5.9142254341
65, 0x000002ddd3c92d6ee5c54fea6c44a834d0d0a04c35eade38cffc411221bc9ba3, 1701164551442, 1701164552147, 8.6080283756
66, 0x000032ebfd5ec935e4d3f619e2a8ccd6de244ba30a07589ac7017f950dc7b8f1, 1701164551995, 1701164552357, 4.4571126198
67, 0x00032e874b535f54c28d7a4431c9eab3fdf64be9a8ae17fb8e4bba4b2fb80df4, 1701164552983, 1701164553662, 0.4575037632
68, 0x000128caa2c4fb333d1af632079e68034b982594a3ec44e9be29264eeefb82c7, 1701164553498, 1701164554258, 1.9140189313
69, 0x000171f50909840c113aac8272bbc84ee58bc85201862ccba8f079577ef101b1, 1701164558506, 1701164559017, 1.5961106739
70, 0x00004ad45809dbefb3fb798c276fd2068520d640e2e5cdbab731f511de82c84d, 1701164560144, 1701164560673, 3.9017904996
71, 0x0000897231a77cd9443a3e2b7fde6d1e3d41a3cb0baf0bc7956f92261e0e028a, 1701164563460, 1701164567196, 3.0246032718
72, 0x00002e2c6e4937a53f8c426d2a83c7db022662a25a2529ea36bb09a894eccd1d, 1701164570376, 1701164570924, 4.5983301236
73, 0x00044d3c0291d5f751bb9c6df3728ed58e8ce986abcbd1a93525814353c1d4ce, 1701164573402, 1701164574393, 0.0224192343
74, 0x000110c79507556621ea6cd89b0bcedabc3a58126d8b9260d83441b0280e1488, 1701164578006, 1701164578913, 2.0357330806
75, 0x000298ca02ff68ebb05d395c63421ab65b77a8df2b3e26e2193b24ba04958238, 1701164579027, 1701164579933, 0.7505721845
76, 0x00006951c20fe6be26fe35a92a36859d3cf7d046414076d2cf174c30610803f7, 1701164583745, 1701164584668, 3.4086981689
77, 0x0000e7f28ec54c17499a24265cd5f728ae0b514b6b15fc671911c9dff9dfdcc1, 1701164585239, 1701164586168, 2.2696706894
78, 0x0000f9db491db7bf1ab6bdf67c957f48bade7f2f7a7c2295e84c808878907d8e, 1701164588116, 1701164588665, 2.1623686924
79, 0x0000aa3215e6c81c442a36bddefff6c50a80e5af520002dafc6b58ce2dbcfc46, 1701164596059, 1701164596914, 2.7162747941
80, 0x0001d10858d73d26f69a660a400334b6bbd14f45e338cf583f316946b3dbbcaf, 1701164598553, 1701164599434, 1.2661370561
81, 0x000441df467986b013c13451ce650fb3f5075f6014a398e631cb976ad7c24d7e, 1701164599545, 1701164600918, 0.0373819036
82, 0x0001631133a3da2c1abf54108e0c6fd38c6c86392a38a75ed31202d855bd9dbb, 1701164600928, 1701164601931, 1.6553768586
83, 0x0003cf1683d40b86a4dc13bb0b132a2d147ffafee3da992c3b260ea24bbc4b0e, 1701164602915, 1701164603438, 0.1979365799
84, 0x0001ddd1b970ccfedd870eedc5a4aeebb93c99e7e76beb11d3850285c7a84a62, 1701164606758, 1701164607427, 1.2270039956
85, 0x00004921ddb9254a54e1acb8705f3e2f99dd4f614f161067059587e87832145e, 1701164610253, 1701164611177, 3.9348884971
86, 0x0002ca5f52a6ffe06c02ac5afe9cff6d3dfbf96ce0029dd38bf1a8c4233a6a61, 1701164612160, 1701164613197, 0.6467926784
87, 0x0001d595ecb72510b681aac38c3f361b863ab4fe32a2699518998bccbf82c375, 1701164614940, 1701164615669, 1.2520806287
88, 0x0000d15aaec7b31af5f063ce8ea86192fc01910a09a4cd9f3cfe1994719e3a92, 1701164617946, 1701164618649, 2.4175228659
89, 0x00024ded1ef7a20c45938168411da7f6556fb0419c5a11c7a97299505435bda7, 1701164619251, 1701164620165, 0.9229343144
90, 0x0001c1f101a728b3b9e1b5d9c8930a3b3a62f7a28be95233465bfeda84d07bbe, 1701164621790, 1701164622665, 1.3137317108
91, 0x0003e0e1554fc5e9d5bb8169cafa37263a6f0e97f2a87d958576a33ceefaf1f6, 1701164623857, 1701164625143, 0.1718492643
92, 0x00003bfaeb935535f3b2fb6ea7df1cb6cddbb2bc61aa11c360e40eae631626ca, 1701164625258, 1701164626415, 4.2209117240
93, 0x00013c4b8c133bacebe809897f9d702bda44f638a7074cf3c06d05751104426f, 1701164629803, 1701164630701, 1.8221976960
94, 0x000234c9b69b04e3b8d7ba9efc40db3bbfe31c09288353f2d67bb5325392f931, 1701164631152, 1701164631178, 0.9857596405
95, 0x0001ac0b3cb75bd4fde53f8c814bc059d2012f2c1b5f24115b01daee16e330e7, 1701164633025, 1701164634168, 1.3857101797
96, 0x00041b3ef00df3905fb41424e86912e2289d8555e004d3b4808be4724b528901, 1701164635526, 1701164636171, 0.0894407293
97, 0x00019c924ce3c94f3dbf8f250dad151f110946d238bcd9d5ca76b03dc1a5b4b9, 1701164637161, 1701164637921, 1.4388248150
98, 0x0001566190359accc664970956605fed77e0e9ce52d7ed10461f8ee6c6dc2aa5, 1701164638331, 1701164646664, 1.7078658369
99, 0x00032c3fc9a60c8d1a40b2c247e745e6b020bf36b657fad911ddba6dc9adfe76, 1701164647462, 1701164648896, 0.4615465644
100, 0x0000aabf149065bddc619c2bebf6822a8f8b5cfe4f101d090d98f6d64fa99700, 1701164650322, 1701164651410, 2.7116137051
101, 0x0001108e84d9f9df16620cceb4f2830c443f543bfd4cd3aca3261e27aa6eab0a, 1701164651442, 1701164652646, 2.0369124673
