Simulation, 16, Num of Nodes, 37
Block Height, Block Hash, Time Stamp, Received Time Stamp, Extra Bits
1, 0x0002212cb1a2698ec98d99d3f310c04c2a2e5fa60b9b4b920ed67686542f5e66, 1701146885825, 1701146887292, 1.0367506207
2, 0x0001b8ae68e2421e6e24e3b8f0fdac66f7f833f95fc9b0824bf06140ec266e95, 1701146887314, 1701146887638, 1.3437332914
3, 0x00019e329381cb830803eb8965a2ab3b68d8fac075dca19d0cef76bf79b4ca7c, 1701146887713, 1701146888036, 1.4331498637
4, 0x00026d6f6d0ee26c63e06102c7b092b633e9f54d471eba735228e6958c64d701, 1701146889282, 1701146889613, 0.8478648332
5, 0x0001eb7ff227e5d2f8de1445b30956298d8011e5e52729027b0320144138f0c0, 1701146889824, 1701146890149, 1.1862781335
6, 0x000188ba1e9e81f32e0808205a2b99e8178b8e9ca3d8cd4dc01c6638f52af5d7, 1701146891468, 1701146891795, 1.5099420340
7, 0x0000e7c319ac5ac6e8464747ae4aaecc79fa2f7d8efed45c845b2d02e379ec02, 1701146893229, 1701146893557, 2.2708242026
8, 0x0002953e027c6ad0de5a4e939d718a44475b779e9d0fdaaf89c74bd75af8533a, 1701146893761, 1701146894084, 0.7582900751
9, 0x00001631ada998042dc704ec5c6a88669c792605c0a2324c0204a39e4bb489dd, 1701146894351, 1701146894682, 5.6552236699
10, 0x0003a8d2c79638d1d37f6edec66e529f42f41bd1e7ed0edd6cafea053ba0c6c3, 1701146894929, 1701146895256, 0.2556918827
11, 0x00005de7b303409eaae50fd8e604c406a22fd3cc9538d0e248967d4dc7141501, 1701146895914, 1701146896232, 3.5741938918
12, 0x0003d71baa41b93a687f3799cf12a9b28f2853791e1c80f5ccbf45a2ee9485d9, 1701146896365, 1701146896690, 0.1861189186
13, 0x00007d51adc6abefc1d771fe22ebf10940a0b77f0aa3e4675fae52651628ee1f, 1701146896809, 1701146897139, 3.1578631011
14, 0x00022117744a383e345a018eccec662a22c74a130d15715bbe6223a6e9667849, 1701146897484, 1701146897817, 1.0369701936
15, 0x00009663f21c0c904e7005cf99bf23c64e1ac22fca1c94885c9702fc7610768b, 1701146898516, 1701146898849, 2.8947563276
16, 0x0002566faee2c0889f992c832ce71a8da299da62e1fb610456a1aa1682fbc4a2, 1701146898926, 1701146899258, 0.9022713319
17, 0x0001b113880041008cb0a57583072a5f547760851f9b93d95dfd82f4dbe1f7d0, 1701146899411, 1701146899844, 1.3688477267
18, 0x00033a77a9535b145169db067ed6b20a77af772ff26901f01f71606df0fdb49f, 1701146899987, 1701146900325, 0.4365109685
19, 0x000004dea0cbf15e8518b614dc83c15f55ae49fef0104b6707ed260f5e0e8a59, 1701146900442, 1701146900769, 7.8435096835
20, 0x0003fa49df49a41e0d4254e2e42b4bc3e0e711451cc48aa1f390725a4ef5b422, 1701146901347, 1701146901695, 0.1353943838
21, 0x0001418521aefdd074098e3263acfc601f9a928cf20f1bba44ac9e40fc45fe89, 1701146902133, 1701146902467, 1.7985602445
22, 0x0001ead6930912f987fee748a1c9d10ccb499a776fae3db1e362d9bdcae16c42, 1701146902879, 1701146903240, 1.1882214529
23, 0x00009c88d3e9bc12706702bbf7cdb1ec5d0aff2efda1cc791d4855210b2d8a0b, 1701146903359, 1701146903699, 2.8369884214
24, 0x000154677e455f4ce1faa974ae983db0d4acde02e3f72cfde0d0e559d4b431ce, 1701146904048, 1701146904518, 1.7162197937
25, 0x0003027a28909fac728e46a4b19702d6b82911c28ddac6a9e1dd3f004fe5fa78, 1701146904534, 1701146904887, 0.5377166996
26, 0x000068d635bd31d24919acd2c28912ec6f75f4f3b6f62beeeb6b6619cc5f77ee, 1701146905448, 1701146906057, 3.4153242918
27, 0x0002a0bf5f96ffb7549bfef72aa0bffeb5a12baa45136b214c3f401f27228550, 1701146906091, 1701146906460, 0.7334036931
28, 0x000108cc82e7f58ebba19d2b8dd3c8f63c55785467cf31a9782ae42096254454, 1701146907397, 1701146907733, 2.0785719509
29, 0x0000eb29765a7f77c2e0a18a87ede19dd6ecdf575af7dd9870aabd54d5262297, 1701146907964, 1701146908313, 2.2498142091
30, 0x0002af8116e62e3ff7b99f8e1c6660db1272881f8bc8b778792e369ca59e69df, 1701146908549, 1701146908887, 0.7021002861
31, 0x00000ee189ec7315e3780563b770aefd0833daab3140deb826f5af32f63e9a53, 1701146909442, 1701146909781, 6.2319244995
32, 0x0000b57b98235bee084bd36d9d780bcf6def6ef3795acb00f401429cffa83402, 1701146910445, 1701146910860, 2.6236361844
33, 0x00035b71a5f1f900a3913c30483afd235184b0d7f64fd5d99e50338c53cdc634, 1701146911378, 1701146911726, 0.3800653943
34, 0x000086307caea523ae737d8df231df451063f63d3c86f6d66a75ac40d44a9ca4, 1701146911863, 1701146912209, 3.0591981896
35, 0x000266fb4c789759635866ba07e263eaf47aa8f7dd1c90a8a35a9c1d60f0df1f, 1701146913719, 1701146914051, 0.8629256002
36, 0x00031b3b322438e3983d7fe8897b8f4a5b378836e59f7560b50bef0fd47e5dd0, 1701146914498, 1701146914833, 0.4920945080
37, 0x00016fa0e1f0e80236568a1552cd72434b195d7bb2e34986d24fead73b9d7beb, 1701146914951, 1701146915292, 1.6052205213
38, 0x0003aa7fb53ba2ca9e5ca59c57f2cee5bdc05ace1d20f539dbff2324dcf85dc5, 1701146915854, 1701146916197, 0.2531139387
39, 0x0001718221b2a07f29b270bb63fe432253730618887faf2f52eb054eaaf1f48e, 1701146916433, 1701146916458, 1.5978620548
40, 0x000058dc42e2a65e1d79dd787572e085d4e69ff1f6d6c38282746844a6914d43, 1701146916885, 1701146917605, 3.6538564609
41, 0x000088f87f42bf134c1ec90f44d95c7d9ecac124ea2f6a8e7775fba572eac2d5, 1701146918152, 1701146918493, 3.0296017029
42, 0x0000d41ecb7b085aa2767134fe9260a18300d65d812e5e3d883d37a12da52a8c, 1701146918654, 1701146919014, 2.3985862879
43, 0x00015ad65ed73c707503d6aa3fd1fd9843dc9d45fed8a8b7f3816677baf47bb8, 1701146919142, 1701146919761, 1.6892095189
44, 0x00036fee984596ce779ff792c9c5032d5e9bc6dce36e3f2b6bf3ce90a6152aeb, 1701146919746, 1701146920267, 0.3460768735
45, 0x00016352c7663deadd529b93459f8a9e5e4655a86c685bac5fb4ee6a28374582, 1701146920974, 1701146921311, 1.6543364111
46, 0x00043e0016a2d69ff52c6378c7cb77f6005dfc32789f1cbc2726e617e073c436, 1701146921370, 1701146921707, 0.0425162731
47, 0x0003db9697d91ebfd46134b16be2017d2215889a14e4ae1e6021a685741e3e5a, 1701146922157, 1701146922504, 0.1795592515
48, 0x00012f92ebc66cc5be33225b8ebef267cf4f1529057665328f19922eafe0a4ed, 1701146922624, 1701146922644, 1.8814211225
49, 0x00013daf7e1780191cacfede02b9a2fa7beafed908b8607d7dccd58f57729ff4, 1701146923994, 1701146924344, 1.8158696061
50, 0x0001f3d6278471e47bf1c51873a76278b1ee97ebc75941c4d7080e300cac0535, 1701146924568, 1701146924915, 1.1620125566
51, 0x00031c29bac028cb316319783cff246b883b66316d6c05ee38f3b87845801dd0, 1701146925134, 1701146925489, 0.4904050926
52, 0x0000590af0d6109b3b85eb6dffc5513a992d6920b256ada9bdebdce32c9a258d, 1701146925601, 1701146926264, 3.6508990799
53, 0x0003340edaafe580650e537cf54c1f415e43ba1cd7bebc1fa5a81d35f6cbee6b, 1701146926525, 1701146926903, 0.4477429366
54, 0x00038da420bf3b2338f6980e8d65a1a7737a6e9056f556928d2a066c7db2eb2c, 1701146927256, 1701146927600, 0.2981714503
55, 0x000158619d797496e97ef23ac08b0da9091e337272b6d9ec30057e5c76877ce0, 1701146927289, 1701146928269, 1.6994620856
56, 0x0002b0a9d9d68fee50f955047460fb904af0950ebb61ce0820c8739c45af15b4, 1701146928583, 1701146929015, 0.6996697570
57, 0x0001f96973347483e7e50b378e9aa788ca843fa7bd2488ba987e0769f2dff4b9, 1701146929208, 1701146929662, 1.1460092564
58, 0x00003598493dfa102c0b84a6b47b80ed8ba8dd0b637ef1f63fadaa0bc605ad28, 1701146930206, 1701146930594, 4.3833021746
59, 0x0000bafdda34be3a454c7d9f254775672e7c7e6cbce0c5ca0e479eee0e23c42d, 1701146932896, 1701146933248, 2.5804953834
60, 0x000229bafddba3660e48b40ddf8446984b691f14a8d7720f64b460841a1d5cb2, 1701146933475, 1701146933811, 1.0142851075
61, 0x0000eecc1695dabd635a1d9efd1fd824651547931d2bc5a8f68cff17b3f9597c, 1701146934337, 1701146934699, 2.2276828909
62, 0x000199f511b32ae7bd35aa7306ad19774a3f5874ef85aa51e098130c1a8c7828, 1701146935133, 1701146935476, 1.4479952748
63, 0x000389f9230e81cb561328f2776bb1e005bc5c287845881a5d56c33acbbeef6c, 1701146935656, 1701146935673, 0.3040005701
64, 0x00005e1097d1368bfc675ff5f4ace1927dbc586e4df74258a0aafd21338a0300, 1701146936108, 1701146936530, 3.5717418182
65, 0x0000ad1b329bfbe4c2582deb889a6e30dfe5a6580aafb02e3a03cbecebe44ebc, 1701146936638, 1701146937033, 2.6918111909
66, 0x0003b866fbc39cbd5bfdb314af2c980edafc226f43eb65a6e4c2c3f3fae23aec, 1701146937331, 1701146938751, 0.2318978569
67, 0x0002afe39b1f48e8e82151dc9e27f014cdff137dda823e3ba99942e8ef678797, 1701146939471, 1701146941515, 0.7012929644
68, 0x00020888bab36789da94a8e7f5a18ec07b81178bff1269d36a66191505d5794b, 1701146941725, 1701146949538, 1.1034762562
69, 0x0002780a60bb70296412ee9b874f3ae30962cb7779cd35ab21d6cf680295b40f, 1701146942207, 1701146952512, 0.8234518354
70, 0x0003b649620508a113f0305ae7201e5a05a622a8a1968d4526e4c9b21abee31b, 1701146946474, 1701146952780, 0.2351061650
71, 0x00018ab6d0264848533807e066e3ebca66ba4bd33de226c4de125b3f8cbf46ac, 1701146950039, 1701146954509, 1.5026608240
72, 0x000261ff790b2efb2de4ae2fad3de3edd0d714cd9e7e21a68a9aeeafd6c51e4f, 1701146952572, 1701146955261, 0.8746645576
73, 0x00031112db184a7751bfe3c5a8a2edcd7803dece3ee1179398f35f20f942be6f, 1701146955020, 1701146955751, 0.5106409159
74, 0x00040c0e807f2a572ef297f8b7ac5357d502df58da29f32c3a2bb12620a7a13b, 1701146956155, 1701146956774, 0.1104379480
75, 0x0001dda4e01625bae68991ab407d02cbde05b7f905f4ddffb8657c07e2d4b508, 1701146959153, 1701146959751, 1.2275330541
76, 0x0003ca0aebd4f4f3b82d58ad442f26d4b51d0e531fcec846ab87ea34662adf5f, 1701146959737, 1701146960282, 0.2054207337
77, 0x000072cd2b94a1ccb75de1ea49c58ccd8bb668c56e6a1f20f49b10163dbf37f4, 1701146963938, 1701146964506, 3.2843281132
78, 0x000280fec6efb954dfbefb150b14a2726da1dae7e77adb4b3a2afa3f60a5b2a3, 1701146965125, 1701146966020, 0.8031553247
79, 0x0004525acbaac8d1934ebbd8bf9fcabe630c3c26af74471a18e419457c3a1c5d, 1701146966768, 1701146967291, 0.0157268826
80, 0x0002d1ac581d43ce4d985b840510bdb6659f23db6d0237074041a627d73879b6, 1701146969321, 1701146970016, 0.6321232110
81, 0x0000ca48e7b119fddf5283f07229ba3beee424c802dd0a7cee28d22528656f28, 1701146970498, 1701146971510, 2.4670811170
82, 0x0000d1ae10c818606dbd240a8a43bd0695fec496f4e6ab91e5f89fe9eb8bbdc2, 1701146975477, 1701146976249, 2.4152800595
83, 0x0000cd1cb07a49a5b362d822fec82335b0f2080493b731a433e0f04c94c2d0e0, 1701146978829, 1701146979741, 2.4470565542
84, 0x0001cc35bb9aa0c1371370df159662d0a83fe006ecb0a07f23db6d502927aced, 1701146980100, 1701146980770, 1.2811769302
85, 0x0002a35ac43c349f7d17911605746d2a6b0a04fdef7fcb48a1ee626214b6c85d, 1701146980630, 1701146981524, 0.7278238233
86, 0x00040241a46d73a3e5c3391759f7ca61aae03c6dbfe9886c1cb5a59535a5dc4f, 1701146983976, 1701146984522, 0.1241495946
87, 0x0001cde385eaa0206c0441651def3c31f1e134ac777d215c7e562674fcdb4146, 1701146985017, 1701146985749, 1.2759234844
88, 0x0001bed977c9830924df282039540604c65960801074e57792933328eb078ebc, 1701146988058, 1701146988761, 1.3236799714
89, 0x00045211fb9c23a59c43d105d063ad02caf05989c1572b9907fc01fb1ced90d0, 1701146989082, 1701146990033, 0.0160978223
90, 0x0000d78699fee13bba756a89f3ed3aed91f4d28a380213e369bd9c01c567c316, 1701146992347, 1701146993008, 2.3756084344
91, 0x00025619e2ca1a295cd2e19c7c6cd7ab2ff4aed1a5414332ff2b86409987aa4f, 1701146993121, 1701146993793, 0.9030795185
92, 0x0000e6badea7d822e7eb34a217209bb9f75a88191ce537fdc5c353ff85578ff3, 1701146996572, 1701146997532, 2.2772635819
93, 0x000272afa9474fd0dbb9d4379d52febedef84b0eb5d17f72d9af9000446c0388, 1701146998757, 1701146999275, 0.8357257590
94, 0x00039128ba57ffb2d1369ccb6001c241bb98493866f28a8865f71b5ac0803509, 1701147000507, 1701147001029, 0.2926026971
95, 0x0001b9d16f571c3d0dd9d514640dce778c81e2d87a14659326075275672d5f96, 1701147001834, 1701147002759, 1.3400163902
96, 0x0001e36f720f05049607352b5209a0cd06c645671c271cd3b27b32a48202abfd, 1701147003042, 1701147003992, 1.2101460068
97, 0x000169429f138bc78864c43d85ecc692a1fdcca1f1732fff16e044b43f3720e4, 1701147005103, 1701147005766, 1.6304304490
98, 0x00002525eda2d56bbc63e87773da349c453ba507e754d498802afb5674f5e435, 1701147008111, 1701147008761, 4.9121063763
99, 0x000114c3648fa34ec9b68ee8561cdff047c36a40fad2227cfbe4d20df4271adf, 1701147010016, 1701147011004, 2.0148165259
100, 0x00000143060e070bce3446f1ad2e4a61524124e361c0faac9397dbed4a7a3608, 1701147012828, 1701147013759, 9.7918291281
101, 0x0002982fef475db7d5b9b9c59ce6351ab1e0b511ff5fd383f2802801eff9d846, 1701147014035, 1701147015039, 0.7518789126
