Simulation, 80, Num of Nodes, 37
Block Height, Block Hash, Time Stamp, Received Time Stamp, Extra Bits
1, 0x00034bf3868f715e35a7bf342f478204f77a0d4def45c64ac993c8b31379d4cc, 1701169953121, 1701169954408, 0.4063092269
2, 0x00013faee57211348fd9fe1dec129d8e9d22185d82ad31bb3fd822f3ba3674a5, 1701169953800, 1701169954635, 1.8068260520
3, 0x000273ea9e256758b84381f97fe067e70b58be4f32d03d36760c31619b7d219b, 1701169953832, 1701169955255, 0.8328962629
4, 0x00023015c882292d1d336cbb10b723f305ad6050b3db1c7c6759b192698addd0, 1701169955007, 1701169956438, 0.9978229051
5, 0x00023ef43e916956b2487f549de409da7d1f9419b6b08a36d95329d202419c18, 1701169957354, 1701169957696, 0.9600221941
6, 0x0001ebc138a74dfb435a6a3005c7cd9f07ef748ca822bc7c903e3670f096c737, 1701169957904, 1701169958229, 1.1855298812
7, 0x0000337dffe704aa2555a6ca404852f753384727a80bb43532cbf2b5b5c8a3fe, 1701169960051, 1701169960386, 4.4410435063
8, 0x00010896f9ed2129a03e183e431b83bbc0d951d214ac2ee156069eac257dc27e, 1701169960916, 1701169961248, 2.0797117503
9, 0x00038b9faee4f9ed469d113185a61ad2cd3935f722ba7702e603cf16834d88ae, 1701169961362, 1701169961372, 0.3013745494
10, 0x0002d0cb1d15fb4d5711a6f4ef8f321cac4644b2c43f830e7f340e56f52582fc, 1701169962627, 1701169962958, 0.6338831037
11, 0x0001adfc3a7d69fa6487c3ebebb9c3c53dac2262b1d5ad0b6a3096115be6ad18, 1701169963325, 1701169963652, 1.3791817001
12, 0x00000b31e65acbcb53653643446d4f8d53680f21ecbf5985ec594a25a94008ed, 1701169964673, 1701169964998, 6.6425526538
13, 0x00002d0cf58a5110ba3c26f4fa375bbd1df4160e5b0a57d57262bd8c5f269068, 1701169965980, 1701169966313, 4.6338500111
14, 0x0003b384a0f962668301b2d30b6856b28bfa3617896f65d0a1f1afaa372ad53e, 1701169966348, 1701169966361, 0.2393154558
15, 0x0000805b848af6e4e47e20fac0c14cf28f35ec574e98f0324e3b3a4600891b7a, 1701169967509, 1701169967833, 3.1233014331
16, 0x00007378bfb4bd2ae6ac4d35951af866239ec848a5604475b5b15904b3b3e73a, 1701169967949, 1701169968449, 3.2759299230
17, 0x000038cbff10108034c25203b4e96773e609df325c9cf6dc287f4171cebd7955, 1701169968844, 1701169969224, 4.2995858342
18, 0x00008a42fdeea13ec46165386cace33ec83688041da31db26a98e4d34ab01058, 1701169969779, 1701169970173, 3.0160674940
19, 0x0003f2d504b03ead2ff63e655c3dab9453eb615faeb9253ff853036eeae1190c, 1701169970605, 1701169970621, 0.1459974467
20, 0x0000788afad27bc737e4480ab5476d0c88628acfbdfdf335c290559cabd93683, 1701169970941, 1701169971270, 3.2139223743
21, 0x0000d03f2818a0176cefdb8b2cdbd1481279db3fa17bc40d8a695ce96706b984, 1701169971388, 1701169971746, 2.4251752574
22, 0x0001d13bc747f09d2588685e2dca8595f6b3c92ce83f1d42440fa45115f63b07, 1701169971978, 1701169972319, 1.2655139159
23, 0x00016ce2423a11f17986074485e473ef49b1ce6f88c1c4dd194f873a3341baf4, 1701169972855, 1701169973189, 1.6160317388
24, 0x000058c13f3ed3874b0e8d25341d6bc530e6422955aa8bfcf8232910c658a006, 1701169973246, 1701169973581, 3.6555707211
25, 0x0000f2f0ef789eacab8ee9b920614027f19e8c7c209ffe04de1af0edd8fadc41, 1701169974655, 1701169974979, 2.2028620279
26, 0x00027ad58541a89aa6d7c88627663f287dd8d7736a8c7478c0d3352ddf972944, 1701169975146, 1701169975502, 0.8170893861
27, 0x000176240e48342c6f94f35b4f04008a328b3124bc4e73fe00b35533f25d9ffa, 1701169975724, 1701169976060, 1.5798874643
28, 0x00013430b23ac9f50f0ecb924a1108534d43849d5ea042fbe0f0cfc2c45e2db2, 1701169976324, 1701169976694, 1.8596478514
29, 0x000020cffc9fe8e85ada3ad247375e74e80cd158e7aa6d3fc5d33e90871be4b2, 1701169977545, 1701169977890, 5.0911537717
30, 0x00025b396f0a5a6e4bb8bcb47739805dfa1932600b4f7318087c74b145fa4a5f, 1701169979188, 1701169979527, 0.8907742623
31, 0x0000281a7b5ac13759d4e280ea39997e76abe182fc0364f94059b16151e6f916, 1701169979239, 1701169980234, 4.8016708606
32, 0x0002652fe435c77334aa51011b4a0b07459963d8a354f26d20da7b82674990f0, 1701169980486, 1701169981013, 0.8671416401
33, 0x0001a11db959c290608af15a5d6f8544260878bc3f45bcddf2223917f2a76760, 1701169981228, 1701169981609, 1.4230198982
34, 0x00011705a5a0b6eb261b33334fc86db4ce647a30efe966b9e0ce62f00ea6113d, 1701169982052, 1701169982407, 2.0030897489
35, 0x00003f5bd6b41b32fc359ddb3241b4ebf8a517d08f31b7d640de941da5424dc4, 1701169983463, 1701169983807, 4.1418532689
36, 0x0001d3648093ec749c12d4772144d2e138f5f8f6d8ae797342d80105ff0d6434, 1701169985411, 1701169985432, 1.2588340774
37, 0x000006f2588809ec7e355789ed6244e018a84be18007e86467e8931aec100a63, 1701169986490, 1701169986816, 7.3310049301
38, 0x0001468b4af894fbf78980200a8a4dbf96ca89495ad847813f3ad37af0da500d, 1701169986958, 1701169987291, 1.7761910319
39, 0x0000ff79ece8892ebcb98d1ba4bed32a032cbd24555864f565c5f2d18f07ead9, 1701169987766, 1701169988120, 2.1302796311
40, 0x00008fa9a3b0213a847baaec20f469f9a69b360e647262a293c3eda691af91b9, 1701169988427, 1701169988776, 2.9607838577
41, 0x000008b02fea876b00395e9c7f34cfcc4ea268c8acb15a84ea51507cd1e48036, 1701169988744, 1701169989381, 7.0082626346
42, 0x00004983008f2d66f45172865ab9a1b55d9f8eaafc3f229b001a1fd5f23dea1d, 1701169990040, 1701169990402, 3.9274226042
43, 0x000053bd6d924254f586f4a78b33f4d37969bb26b2db11c888dabbe8354c8227, 1701169991603, 1701169991942, 3.7394809135
44, 0x0000f871fa8a4142f3fc38381744f54314f5f32c13ad554fa0924dbfb9d87650, 1701169991976, 1701169992320, 2.1705410914
45, 0x00030e4de817030101551cc01e116f3fa50e893f58bb3e220b2c7c755b5efb67, 1701169992627, 1701169992979, 0.5157389933
46, 0x000128289bda55741a06f576067d8b0708b9fd7192c3b2ed58d6a7f6d6c8476c, 1701169993183, 1701169993543, 1.9170988125
47, 0x0000f38262672680dfd44b53824eb7f60fa2cf17494efa5231c30a70c0cc589d, 1701169994124, 1701169994471, 2.1994919748
48, 0x000155bb424128de1c9d9c1d25c3c1dc1e2603c9a6a6bc0499dc9d6b7491ae37, 1701169994844, 1701169995169, 1.7106057775
49, 0x000050078be4b8f031fcb10160254e2e5fa46adfc841881aa709f4e7c5a08618, 1701169995660, 1701169996014, 3.8048655193
50, 0x0001e18174d73bb0ff8db921adfb414e89d880a7a56453249230441ba22be70f, 1701169996785, 1701169997128, 1.2159160860
51, 0x0002f5568a0a9092f5747c7c5aa44d30a335bc6bea783a8d6fcb46c43f89cb66, 1701169997340, 1701169997682, 0.5625315276
52, 0x00043c63077708debf7fdbf0429037fe7568d10112f43b6b36d67df2278e21a4, 1701169998161, 1701169998497, 0.0446613348
53, 0x0001437215cc2c60cd8e78e9c7cc66d10f1602cf0f05fd65a9a58aa417a6d9da, 1701169998579, 1701169998931, 1.7899456416
54, 0x0002a889b80d8992b4d369bc3ada2430228aab1f51d940afdc0dd224b5a741ce, 1701170000142, 1701170000543, 0.7167932834
55, 0x0000962891a889b11aabb6da89881d979861c413cad89fba5740e45bee7ca391, 1701170000689, 1701170001035, 2.8969830499
56, 0x0000129e51e1c42e12c30d0d9809196d396cefa5e90b8752c891994df9befcd2, 1701170001933, 1701170002290, 5.9086650660
57, 0x0003e3950cd17f75457c007fccca118918c7b46a96797792aa88d118e36058dc, 1701170002500, 1701170002851, 0.1679284544
58, 0x0000f867b9d2678f254f2543e4f61e932b7bc7b615199aeafb628b47a4307789, 1701170003042, 1701170003484, 2.1707736764
59, 0x0000e4990b44d64172fc511bee6c5264c0efb00bc74a139b05681e8f83dceb42, 1701170003829, 1701170004208, 2.2906572327
60, 0x00014668bf2087f92df6b77fb2b37ca7115fb921c6efbd7ddc1cfcb055ace37b, 1701170005496, 1701170005854, 1.7767873577
61, 0x00006e039eeccb9cacd52c4b4a6c368839a3f5c557eb08acc3b13be3e9ff78ed, 1701170006112, 1701170006501, 3.3457799170
62, 0x0001d97d24cf42cc67d694f0803168ab3b81c0fe609ae216aac612bca505dec1, 1701170006496, 1701170006859, 1.2401384989
63, 0x000344510a1b947b84d24d539f82db0088520f8496fb5a649d599f64b0bb8168, 1701170007346, 1701170007685, 0.4194197989
64, 0x0001684314d2605ea80d3cd62dee99c356b7b80c8fd844331b235951ac4b726b, 1701170007912, 1701170008331, 1.6344222979
65, 0x00034cd8bcba72b0d3864d22d0a8fb192093767d93920a4e614436925d4a96c2, 1701170009092, 1701170009814, 0.4047794661
66, 0x0003510c99d70d7507b00329093186f1e3e7faf5961aaa0fe3f8625b9da0c17e, 1701170011391, 1701170011823, 0.3976207356
67, 0x000173aab49f3753e1435e986c3d6e183d06f2751d18d2f83d932bc9bb5fd402, 1701170012504, 1701170013060, 1.5894590360
68, 0x0000a67f69249c07b4e219ad2af6ce93e4a29897d5e7e67e79198de554e9ac4d, 1701170015869, 1701170016314, 2.7479666983
69, 0x0003dd609e351287c6ddc68dbc2e9ebd563abcdf13b21bdb3c1e558e897581d6, 1701170016126, 1701170017574, 0.1769479646
70, 0x00034f83d2adbab1f3844a348a7b406bf0a9684ec61c258c9319cd356fdc7e4a, 1701170017631, 1701170018346, 0.4002301408
71, 0x0002cc0fe9116ae5a30a21a5922b2760638c49506d6b6b8fe026afa3edca2859, 1701170018430, 1701170019580, 0.6433841194
72, 0x00020267cb631233a853ff53606fe5c959abb5a0d736bb5b440b97c052f93906, 1701170020165, 1701170021062, 1.1205630101
73, 0x00019798eee58b05beca941a5454c2a915f1c2e8a0e06a1ef17a0aa4d172d025, 1701170021142, 1701170022085, 1.4563240979
74, 0x0003140faabcba40682f63d4854d5a79466eca0a70ea5905044d136f583a91c8, 1701170022948, 1701170023569, 0.5051612596
75, 0x00016487b0e152ca2dd8fa412911ed16c3aad4de207ec3ca3000951b0f8fd918, 1701170024726, 1701170025562, 1.6494452806
76, 0x0003562a8e8e77e09220832c2007e45828ea210d8fd3019e48e121a55a278ec7, 1701170026036, 1701170026829, 0.3889520556
77, 0x0000ef1e72a19551ed937a8c8d1eed5fbfc76486a6d8fe4b753ebd9c6a5b1f24, 1701170029086, 1701170029811, 2.2257405435
78, 0x000253ea675e1aa3676b08e4293bef7d7bdd37c7ada0b8d0bb1b342b996e8a10, 1701170032293, 1701170032814, 0.9083608186
79, 0x00012f03f230cd41a2a0651146dff6c061810f31b641367da802a4cd305ab490, 1701170034645, 1701170035328, 1.8840777450
80, 0x0000812b23b93dafb3d3139169a18fd300df89ca32388b6b80c20df1285baa21, 1701170036917, 1701170037823, 3.1142144888
81, 0x0000b1c41d78450b5da2e4d0f8f85daeb1887e1bb7d3199863275ea5f7c52a7c, 1701170038074, 1701170039302, 2.6534889071
82, 0x00004991ef5abd6397d456f081783c6f6626bfd80b29fadf0113870cd20b3dc1, 1701170040321, 1701170041075, 3.9262782861
83, 0x00039ecba153668741a195c240301aac078a0ad29cf9a82a045bdb7eb690a222, 1701170042536, 1701170042560, 0.2712179990
84, 0x00018ffa58fafaef5e83e518216a6fbc70acfc6a9cb13430b0fea6fb5da9157a, 1701170054895, 1701170056566, 1.4835485681
85, 0x00017239236b53631fca6bf5bd29ce7d92250a780ee6be4d4c939862955f4e2d, 1701170057891, 1701170059311, 1.5950736384
86, 0x0003ad5416c579abc34214266b4ede0c60af4f7a4869f3dd09a58f6aa6dacc56, 1701170063118, 1701170063803, 0.2487706970
87, 0x0000dba4e49cc1e639212f38ca727371456b922c135f9e49f210ff2c8d26e119, 1701170064897, 1701170065563, 2.3483010955
88, 0x00000944633a3d2a4ca2987688bf6c3289f5104132c694eff3c8cb777f8cc45d, 1701170074522, 1701170075067, 6.9152010943
89, 0x00017ac0db79dddfe5425fd81048c1e29ece48b97d633ffaa131a61904d9186d, 1701170076228, 1701170077315, 1.5622102850
90, 0x0000646909dd8b82a5bdfdc3b69b62291d39182f6f2b28a3c22166c9b0bc91b8, 1701170081408, 1701170082309, 3.4775615652
91, 0x0003ca5d6006d20d337be671d630c871ecedf6daaa001f5b597df131ab10d757, 1701170083553, 1701170084335, 0.2049417919
92, 0x0003c6ad5598f20469ec996faac5fa43dd3fa37a24dfd5568d7034921cf3b14f, 1701170085721, 1701170086303, 0.2104348833
93, 0x00003b0f44bce26eba46f9aea5eb838b6ee0f43c829d3da0820577ee5733eb98, 1701170088052, 1701170088562, 4.2432243987
94, 0x0002773dad035798d746bbcf38107195c2187a3f61f9cb6c09901e8bdd0efb90, 1701170088780, 1701170089829, 0.8252781965
95, 0x0002b8d829e1026b2b31cecde5e26859cc9c0070ca2f910602401e9af826e29d, 1701170092883, 1701170093582, 0.6826324033
96, 0x00026a743e9676e7793e4cc3d9729a0c7c776d36e0e2f7cfa728a29dc8446797, 1701170094937, 1701170095817, 0.8548024503
97, 0x0003b97c48c3f982b189e1a3af3b2a5a2812e4fcdbe7f0c2b300ee92b98c9819, 1701170096317, 1701170097587, 0.2302579531
98, 0x000035f69c6e2156e4e725b088fba082fc481e2f86adffc88c73d0bced10b055, 1701170099418, 1701170100583, 4.3734177959
99, 0x0003da8df172e91bd37f1dc1537cf045b1b7a44c918d1f491fccc47539abfcff, 1701170103553, 1701170104326, 0.1810702288
100, 0x0000fee152ad477518a037368c22ab438144ca410535afedf63a5363602b9994, 1701170107723, 1701170108335, 2.1336498082
101, 0x0003133d60b2b5ced2c9f63fc2dac3023018bb794cd887a05261e3d57041c845, 1701170109525, 1701170110307, 0.5066658493
