Simulation, 21, Num of Nodes, 37
Block Height, Block Hash, Time Stamp, Received Time Stamp, Extra Bits
1, 0x000048c8806059ddd669b5f7039c78db8327582d61d3f5902181edc9726f358c, 1701148607783, 1701148609379, 3.9417913667
2, 0x00013f1d9f62d326146d0257918d1e96a7808167ff9f39730f1aa422cdeed3be, 1701148610506, 1701148610832, 1.8093892811
3, 0x0002b032cde5147c98262e5e531643b8dda5c51477f4b47405fe446b7dce2d2d, 1701148611557, 1701148611879, 0.7006442784
4, 0x000030602b7e40e3c62651e4ddc4e8aa4e9353c5b8b64e8991703328d5a5594f, 1701148612744, 1701148613069, 4.5311155715
5, 0x000068d18012b83eb780dddd08ecb0f27337dd3d0e5bd19ab254ab6da347f2ae, 1701148613480, 1701148613934, 3.4155774815
6, 0x0000ce94dd6d7b4ddd35a61d6a312d2b29546000075f5fd15abe7075829a4c1b, 1701148614120, 1701148614450, 2.4367578417
7, 0x0003691e080dab5570c05cb0dc62d80740d83901394d29285bd1c87d3bcf37b7, 1701148615528, 1701148615849, 0.3572934253
8, 0x0001c0fb6140c503337e2bf26c8145c84229bf602e7d1818094503794999acbd, 1701148616306, 1701148616637, 1.3168114744
9, 0x0000c0fe63e0237233e8e094458dddb65518c8fb2a2a5ee67e845b1dfdb00846, 1701148617428, 1701148617753, 2.5349150906
10, 0x00000d65c1b7b6aa3c781f412639656489b00a45b20923bac774960f2aace68b, 1701148617830, 1701148618155, 6.3834345929
11, 0x000044d0f36957411d3a3cf09de4afcc15cd45ef5e52797824043c362ad6dd88, 1701148618782, 1701148619148, 4.0226484986
12, 0x0002e80c270fc011a5c4b056ffe48ebceaad82ad895cb09bb34fa39b8983a8de, 1701148620440, 1701148620776, 0.5880742602
13, 0x0000bc78992c0676735aa74c9667b230c52ed073519839936af042bbd7352bc5, 1701148620962, 1701148621597, 2.5691257090
14, 0x00005cc665a9f5467695ac742352cf0d2a891f37d23b8091348829ee28c07e32, 1701148621402, 1701148621769, 3.5916611036
15, 0x000064118dbec7a4030f1c8c072c6f133c7550f0b65d8f78321d82068b5ebdf8, 1701148621836, 1701148622166, 3.4824800258
16, 0x000047a4e113ccd53ed08cfd0709d00345bf9d8f12a5f1e919a78cd22823451b, 1701148622166, 1701148622949, 3.9645499410
17, 0x00006737d194897f0dcf771d034619bae1b675b9f06507facb2d4eb80530b4ce, 1701148622973, 1701148623311, 3.4377737656
18, 0x00005ed924c33a79c82f130a893150f8595d32cce71bafec03d3229835fb3bf5, 1701148623859, 1701148624185, 3.5597763683
19, 0x000256bd761b2ffcfc1f66ed3d3e75f1a7068a9e1a8bc2ea481ce10c67ec32fa, 1701148624553, 1701148624915, 0.9015390734
20, 0x00002f463671999bd39c48e0df914c4b8d5958c86e445a5d48a2f0ceaf0a6a76, 1701148625045, 1701148625390, 4.5643418978
21, 0x00042d5a2c376246a09b5d60e37b189880a7762755d8e6ff6325a58e41df8951, 1701148625717, 1701148625754, 0.0648036900
22, 0x00001563ca5b0d10a06fbd4a72052438759df7b774183c671d7e55c8c748d3c2, 1701148626398, 1701148626741, 5.7084735966
23, 0x000129f7f2ab3939306cef39012e62f1c9c431e4713e80fb08dde1f944517f27, 1701148627132, 1701148627492, 1.9083088814
24, 0x0003ca0f241554e4a45968a997babf6ebc3c6c8c785b25d8a70c8a34a55f4946, 1701148627966, 1701148628316, 0.2053962191
25, 0x00008c455ec59e2a0c947c7b645c800d24275e94db4dc3ec3f42e317fb768b93, 1701148628626, 1701148629118, 2.9952523897
26, 0x0000f21cf346c49d550ff7f3eef26c1f64550a19028334f9e4b2f518fcb8460c, 1701148629895, 1701148630225, 2.2077878655
27, 0x000349850bf9db84e88d01a365e0cf91c6f74dba4f78d3bf084e69460870d24d, 1701148630256, 1701148630589, 0.4104718605
28, 0x00009e9b5ec831df688460822be7a1a9b42a0d6d03334afada04f1d302ba4291, 1701148630905, 1701148631524, 2.8180132583
29, 0x0000fc6179a3d1f8d9d02d8b9f13c2857cfe69218e66ac63cc5b2c89cef41cd6, 1701148631684, 1701148632131, 2.1478669846
30, 0x000029cbcb1b7112567456d51bde3e2322f9f002b7d46460319f148efb8973d6, 1701148633076, 1701148633422, 4.7420298017
31, 0x0003aa0362c940b7a6c7fde11f3cb1033134b47ba34c47e28eece8c3d46ba686, 1701148633880, 1701148634212, 0.2538606649
32, 0x00007791105c575e2613e8ac389366550a2bb0a6c388f6f9ee2e397aaf6b553c, 1701148634868, 1701148635206, 3.2256538154
33, 0x000195e7cf29cb154f6eb786c7d282dba8f44b999ae1620e1fec324ac55a0e71, 1701148635536, 1701148635870, 1.4623250242
34, 0x000222c01f89445dc3bddf9b6e48d369fd9a653f58e4af20a293584dca251622, 1701148636207, 1701148636553, 1.0325863449
35, 0x00016394fdd779c79e25e5eb90356ca8a1cc7305a666d7c71d8b496b36536dcc, 1701148637025, 1701148637389, 1.6532866418
36, 0x0000f9c4700b862bedfc2cd80dc4cb10dd729e78768d37b50531b50240cf955a, 1701148637896, 1701148638305, 2.1628841207
37, 0x00029e61b42039dcdf1a338416717733fa8d4cba60aeff24105d043df62c187b, 1701148638826, 1701148639162, 0.7384862603
38, 0x00008efcf330eeabc567e534e23c59df3e7ac8f1d0e94fbb2ee6cb204eda6ef0, 1701148639271, 1701148639646, 2.9675739876
39, 0x0000ff6791abf179dc3aa4fd1974cd9f7d4f95fbff1bb98e252361a817b813b5, 1701148640271, 1701148640622, 2.1306846099
40, 0x000018f2d9dbe16eca8628e55ced4efb204d4416915bf822617d324b1b09c7d0, 1701148641173, 1701148641523, 5.4864360385
41, 0x000301673a55e7903ccae6568a803fec3e0bdca953f436670a7dcc76f78a770e, 1701148641658, 1701148642004, 0.5397290365
42, 0x0001edc647706a372546892d5ae17b1bfb7ba1d3e9e1bfc648956b57bbe6baa8, 1701148642273, 1701148642670, 1.1796165161
43, 0x000355805f9330785ebd03f05fa6237d4b97e1fa8e86d211ba3e4b5f1139954e, 1701148643463, 1701148643813, 0.3900753116
44, 0x0002932d74d52405eb4df2808e288be5fe0648e3ac04244209a50a1a60239c90, 1701148643925, 1701148643941, 0.7628017907
45, 0x00040645d9097abe5781fafeffa9048467826ebe44961e6fa2ec274a27037f47, 1701148644367, 1701148644706, 0.1185143840
46, 0x00019d22d98336ee0795d03a052dad1004c5897e6d0a957d73d8a1d2b3c15031, 1701148645150, 1701148645500, 1.4368516911
47, 0x00014ef70a890e85d13c9b042de09ebf65bc3253fe1a9127372ce2162b1b1e20, 1701148645673, 1701148646014, 1.7394585522
48, 0x0000dc40e1dfe55298afdecb3d47b8f6aaadaecbb2fe9e4e7406de57114de4e0, 1701148646423, 1701148646770, 2.3443043350
49, 0x000045692db2f10241589b5f4ebc6f7540880cf74f4514a371578f685aa7dbe7, 1701148647260, 1701148647604, 4.0102357546
50, 0x0003861d4be1b140c3855e051592c3bff8ab46b8ffb43b2115bf6e0dc35334cd, 1701148648413, 1701148648435, 0.3101584696
51, 0x00000250789cf1fc5479fc5bb367b40e834e642eb7152966518e535f73125392, 1701148649112, 1701148649464, 8.9167240380
52, 0x0002afadde1af5beede57480411b60c6d855cca24c42a4b3e2f04d35793185a5, 1701148649535, 1701148649877, 0.7017332827
53, 0x00004a99382c70b807606ab4b99c0790789754eb39df042eafcbcb46f54db12b, 1701148650001, 1701148650355, 3.9062501443
54, 0x000333d4bce7b54c5a4af1b92c8ae2007c3a47fad9e17965ff7d72dc8aec7af0, 1701148650459, 1701148650810, 0.4481423737
55, 0x0000d3a26cc44a93dc1856a7cd93debbf62e357548f5b0f3d7acd152bdf1bddf, 1701148651078, 1701148651646, 2.4018942895
56, 0x00000b5d4f8624a4aa478bdebaa77a227e9562e1f6add3d22a22c4e8e5e6fc2a, 1701148651700, 1701148652049, 6.6208634872
57, 0x0002d8a513462eb0794177b8c749463a56b4216b2d3eebffdc65df4adb69fff3, 1701148652527, 1701148652868, 0.6182531793
58, 0x0003845b598e1523a5e9723e205a081ee73a2a8a194624f7f2b519b664ddddeb, 1701148653342, 1701148653721, 0.3129720369
59, 0x00018ff2556ced21c26850aa4b9c4af74b3dd97f4d84cdad26412e48cf89dbb1, 1701148653963, 1701148654332, 1.4836614849
60, 0x000454cafbd0c17890790d8d78c2b21d1b01e7dc5ad1cca9455ae3ff2fb81038, 1701148654887, 1701148655332, 0.0125509042
61, 0x00009ea3e97fa468fc3906dd56f8bf6dc607f8cc5ffa9f9202bd04cef6322fb2, 1701148655338, 1701148655686, 2.8177097859
62, 0x0000160412f565b4abdd933425e2b1390473ab71bccbe98c57364ea08479fd62, 1701148656038, 1701148656378, 5.6668502666
63, 0x0002036b50b6f25cfac4a4346ee4c37a710d206d94325996600fea714bbd85f4, 1701148656852, 1701148657264, 1.1177226486
64, 0x00014f3d28719f7e77e8af61a7fe3cb912f6936db004564a72780cd00f7b6be5, 1701148658103, 1701148658470, 1.7382793727
65, 0x00028a5318164d731f0761f15605c5eb0dc1ddbdab0dc23490d6816ce1488ae9, 1701148658596, 1701148658939, 0.7823089624
66, 0x0000b8e94029d3192e8ef19bc787dd7ebf92c80248b510666e0c23672fb961e1, 1701148659449, 1701148659829, 2.5966368238
67, 0x0001c313b04f4f16434168b177a0c214bcd3d18865e1a6793755d389e518af3b, 1701148660339, 1701148660359, 1.3100954947
68, 0x0000506b9fdc42b76f620abc4968fc00533f2ffb68d513db632122e2e20b341f, 1701148661599, 1701148661951, 3.7978353689
69, 0x0000e0aa0b63da968b03a603eed1d38a7bc496a3568bb1656d4c7e99ee66849e, 1701148662048, 1701148662450, 2.3156984459
70, 0x0001dcd2a483a8083a880cb0a338ff8d80c258fb0c929917c08725c33d5401c3, 1701148663318, 1701148663746, 1.2300156389
71, 0x00039ca6ce6f7b0548ed6d0febc2376d69f4248a0048f70c2acdfca6c37e0b02, 1701148665345, 1701148666072, 0.2745590754
72, 0x00014e0f6f83f3df992953451c9e22b91c42ca602ba31fd481847cca01b9c6ea, 1701148668555, 1701148669329, 1.7433604083
73, 0x00004da331078962cdecdfb5b713d935fd1f9d59a57dbf11fdc32e12754b77af, 1701148673490, 1701148674058, 3.8486439776
74, 0x00033852a2908cfa8780f8a6f873c3e840593c2d338f2a792c4029d7828a35fc, 1701148675533, 1701148676311, 0.4402595431
75, 0x00027e5ed1c4ca19514da9fe5235711f18dea743efff5989d70b74d96ad24ead, 1701148676421, 1701148677084, 0.8090751982
76, 0x0002ab4b21aefca2051d36588513513deb1dbe76aa110d881384b6cc56319a55, 1701148677330, 1701148677827, 0.7109635636
77, 0x000316166f9d5e29e3645eaa99052dd250df23fee86af470092e3a95476bc8e1, 1701148677844, 1701148679081, 0.5014562366
78, 0x000089e163e51f76222f2116d3bf938f705f84f6b4c2615a52fd61d5f8671a97, 1701148684868, 1701148685585, 3.0200512214
79, 0x00029ec114d8b70c2f75bd062d74ddf8ce21726b2a7dff6deb7d861906cc3353, 1701148687675, 1701148688315, 0.7376846945
80, 0x000304a520ad80020420d3d3358379ef5049dd8d29a3a791bc27b4bb59e0a30a, 1701148691122, 1701148691803, 0.5336631694
81, 0x0000e1667ab9421da73e3e74829e607b0f036e9a1d2ee918b1b8f24f454a13e4, 1701148693418, 1701148694308, 2.3109794295
82, 0x00007687aa974715f4af80963b6d250e5a28001d347abb8a273289533e235fa3, 1701148698177, 1701148698831, 3.2382173258
83, 0x0001eb9ad3c7ad68e47d2af1e76cf7c261fa9fcd025ce625571f37a72be7a38a, 1701148699066, 1701148699085, 1.1859699454
84, 0x000319c20580c8005bfd30f181291cf40c0e8dc08ba6fef73a15f6543e9d4d54, 1701148699732, 1701148700563, 0.4947698909
85, 0x00025a8acdc249ffce2cff388c0e8c2bf0e1fcc28325fbb509443766eb7e375d, 1701148702543, 1701148703825, 0.8924066385
86, 0x00006658446ab1b826d89f4dbd72eac2a295c59844a7e01279bf52022adf33b1, 1701148704696, 1701148705828, 3.4500312123
87, 0x000063149b00f6abe89c737939ae0c3a986f3098ef76d63897be26e63c7db6e6, 1701148705407, 1701148707065, 3.4967960190
88, 0x00006b327e174bcf7c3129989862628c92eab40e8533566c6e19e6f8b9ac3b05, 1701148709724, 1701148711328, 3.3832012158
89, 0x00015b7823a2d53d7cf35efcec565a632dbe3ee2cd0f3f3bfe3953eebe1ff1ab, 1701148711998, 1701148715575, 1.6865834390
90, 0x0003f9e9a222f0c7eda643349b9906c8ee7d6753d3968251f91c11bc82d896df, 1701148715959, 1701148716590, 0.1359270981
91, 0x00000e243f9650137b44da1270eb355a299c8a92d55f5cb00885094f644a3970, 1701148717070, 1701148718046, 6.3054521502
92, 0x0003d5e679067cdc50aba792a5223616f053b849d44691fbfcf25a26e072e746, 1701148721301, 1701148723309, 0.1878924093
93, 0x00028f475d6d9b91941d1658ffd68f091336b219dd329ef096e0b9bdba01597f, 1701148726407, 1701148727311, 0.7713601399
94, 0x0003325bf652b7be640a090de8e0bd6ec42292dfbc3728172296266c5500ccf3, 1701148728644, 1701148729555, 0.4507346617
95, 0x000129ef866701b9afd49d80d6da4ce00cde184fff71ebe36622f4554067bae7, 1701148729796, 1701148730804, 1.9084681942
96, 0x00016761d8645ace2a2c9de25c847fa94fdaa5e4ee82eabf628f29939bc983aa, 1701148732110, 1701148732831, 1.6379499426
97, 0x00000d673a8c00b840f2ce14016d1f5c9e73ca29a769a9605df03b128b2272a6, 1701148734718, 1701148735313, 6.3828155472
98, 0x0001f8532f33c6bfa85f1ec4f64ccb06cfa66dff68221cbcb60f2fcb7107e425, 1701148736817, 1701148737538, 1.1491153613
99, 0x0000fd19d5963ada691c7945775d48116a45682125678857972fa974a9986444, 1701148739420, 1701148740063, 2.1437562051
100, 0x0003704c1cb9a941c05e5a1bcaa1043c16e07721346fdd66c490c39c909879e8, 1701148741964, 1701148742811, 0.3454780653
101, 0x0000420e6ee54bc3c26965386c3a984dd14390c468650fd21584d139a2ce988e, 1701148746954, 1701148747568, 4.0816991231
